W.B. Amian et al., Nucl. Sci. Eng., vol.112, 1992, p.78

    0.52500000000000  0.  0.
    0.57500000000000  0.  0.
    0.62500000000000  0.  0.
    0.67500000000000  0.  0.
    0.72500000000000  0.  0.
    0.77500000000000  0.  0.
    0.82500000000000  0.  0.
    0.87500000000000  0.  0.
    0.92500000000000  0.  0.
    0.97500000000000  0.  0.
     1.0750000000000  0.  0.
     1.1500000000000  0.  0.
     1.2500000000000    6.5780000000000D-04    1.3700000000000D-05
     1.3500000000000    6.0530000000000D-04    1.3450000000000D-05
     1.4500000000000    6.4280000000000D-04    1.2290000000000D-05
     1.5500000000000    6.0860000000000D-04    1.2410000000000D-05
     1.6500000000000    6.3430000000000D-04    1.1500000000000D-05
     1.7500000000000    5.8950000000000D-04    1.1460000000000D-05
     1.8500000000000    6.0720000000000D-04    1.1640000000000D-05
     1.9500000000000    6.2390000000000D-04    1.1360000000000D-05
     2.1000000000000    5.8180000000000D-04    7.6750000000000D-06
     2.3000000000000    6.2300000000000D-04    8.1830000000000D-06
     2.5000000000000    6.6000000000000D-04    8.4560000000000D-06
     2.7000000000000    6.1030000000000D-04    7.6690000000000D-06
     2.9000000000000    5.5540000000000D-04    8.0310000000000D-06
     3.1000000000000    5.2250000000000D-04    7.8480000000000D-06
     3.3000000000000    4.5170000000000D-04    7.0310000000000D-06
     3.5000000000000    4.3090000000000D-04    6.5510000000000D-06
     3.7000000000000    4.1040000000000D-04    6.7080000000000D-06
     3.9000000000000    3.8240000000000D-04    6.2630000000000D-06
     4.1000000000000    3.9750000000000D-04    6.3140000000000D-06
     4.3000000000000    3.7520000000000D-04    6.3950000000000D-06
     4.5000000000000    3.6560000000000D-04    6.0260000000000D-06
     4.7000000000000    3.6580000000000D-04    6.1740000000000D-06
     4.9000000000000    3.4490000000000D-04    6.0550000000000D-06
     5.2500000000000    3.1080000000000D-04    3.5510000000000D-06
     5.7500000000000    3.0040000000000D-04    3.7820000000000D-06
     6.2500000000000    2.5560000000000D-04    3.2230000000000D-06
     6.7500000000000    2.4200000000000D-04    3.2090000000000D-06
     7.2500000000000    2.2500000000000D-04    2.9440000000000D-06
     7.7500000000000    2.1220000000000D-04    2.9240000000000D-06
     8.2500000000000    1.9570000000000D-04    2.8470000000000D-06
     8.7500000000000    1.8380000000000D-04    2.6830000000000D-06
     9.2500000000000    1.8310000000000D-04    2.5520000000000D-06
     9.7500000000000    1.7230000000000D-04    2.5470000000000D-06
     10.750000000000    1.6070000000000D-04    1.7000000000000D-06
     11.500000000000    1.4740000000000D-04    1.5830000000000D-06
     12.500000000000    1.3400000000000D-04    1.6560000000000D-06
     13.500000000000    1.2230000000000D-04    1.5340000000000D-06
     14.500000000000    1.1340000000000D-04    1.5110000000000D-06
     15.500000000000    1.0910000000000D-04    1.4440000000000D-06
     16.500000000000    1.0210000000000D-04    1.4480000000000D-06
     17.500000000000    9.3240000000000D-05    1.3960000000000D-06
     18.500000000000    8.7950000000000D-05    1.3490000000000D-06
     19.500000000000    8.3480000000000D-05    1.3010000000000D-06
     21.000000000000    7.2020000000000D-05    1.2250000000000D-06
     23.000000000000    6.2060000000000D-05    1.1980000000000D-06
     25.000000000000    5.5380000000000D-05    1.0430000000000D-06
     27.000000000000    4.8240000000000D-05    1.0050000000000D-06
     29.000000000000    4.4840000000000D-05    8.8550000000000D-07
     31.000000000000    4.1320000000000D-05    8.8630000000000D-07
     33.000000000000    3.6670000000000D-05    8.3700000000000D-07
     35.000000000000    3.4720000000000D-05    8.0030000000000D-07
     37.000000000000    3.0450000000000D-05    7.3860000000000D-07
     39.000000000000    2.9190000000000D-05    7.1870000000000D-07
     41.000000000000    2.6280000000000D-05    6.8240000000000D-07
     43.000000000000    2.6210000000000D-05    6.7740000000000D-07
     45.000000000000    2.3760000000000D-05    7.0550000000000D-07
     47.000000000000    2.2930000000000D-05    6.6170000000000D-07
     49.000000000000    2.1100000000000D-05    6.5160000000000D-07
     52.500000000000    1.9350000000000D-05    3.7940000000000D-07
     57.500000000000    1.7180000000000D-05    3.6690000000000D-07
     62.500000000000    1.4870000000000D-05    3.6130000000000D-07
     67.500000000000    1.3270000000000D-05    3.5530000000000D-07
     72.500000000000    1.1810000000000D-05    3.5630000000000D-07
     77.500000000000    9.9600000000000D-06    3.1660000000000D-07
     82.500000000000    8.9610000000000D-06    3.2240000000000D-07
     87.500000000000    8.0080000000000D-06    2.8550000000000D-07
     92.500000000000    6.6440000000000D-06    2.7730000000000D-07
     97.500000000000    5.6770000000000D-06    2.7480000000000D-07
     107.50000000000    4.6940000000000D-06    1.6540000000000D-07
     115.00000000000    3.4430000000000D-06    1.4660000000000D-07
     125.00000000000    2.5100000000000D-06    1.4420000000000D-07
     135.00000000000    1.8070000000000D-06    1.1890000000000D-07
     145.00000000000    1.1710000000000D-06    1.0600000000000D-07
     155.00000000000    9.0940000000000D-07    9.8570000000000D-08
     165.00000000000    5.6890000000000D-07    8.8360000000000D-08
     175.00000000000    4.2880000000000D-07    8.3330000000000D-08
     185.00000000000    3.1540000000000D-07    7.9900000000000D-08
     195.00000000000    2.0500000000000D-07    7.3720000000000D-08
     210.00000000000    1.2620000000000D-07    4.9470000000000D-08
     230.00000000000  0.  0.
     250.00000000000  0.  0.
     270.00000000000  0.  0.
     290.00000000000  0.  0.
     310.00000000000  0.  0.
     330.00000000000  0.  0.
     350.00000000000  0.  0.
     370.00000000000  0.  0.
     390.00000000000  0.  0.
     410.00000000000  0.  0.
     430.00000000000  0.  0.
     450.00000000000  0.  0.
     470.00000000000  0.  0.
     490.00000000000  0.  0.
     525.00000000000  0.  0.
     575.00000000000  0.  0.
     625.00000000000  0.  0.
     675.00000000000  0.  0.
     725.00000000000  0.  0.
     775.00000000000  0.  0.
