W.B. Amian et al., Nucl. Sci. Eng., vol.112, 1992, p.78

    0.52500000000000  0.  0.
    0.57500000000000  0.  0.
    0.62500000000000  0.  0.
    0.67500000000000  0.  0.
    0.72500000000000  0.  0.
    0.77500000000000  0.  0.
    0.82500000000000  0.  0.
    0.87500000000000  0.  0.
    0.92500000000000  0.  0.
    0.97500000000000  0.  0.
     1.0750000000000  0.  0.
     1.1500000000000  0.  0.
     1.2500000000000  0.  0.
     1.3500000000000  0.  0.
     1.4500000000000  0.  0.
     1.5500000000000  0.  0.
     1.6500000000000  0.  0.
     1.7500000000000  0.  0.
     1.8500000000000  0.  0.
     1.9500000000000  0.  0.
     2.1000000000000    7.1920000000000D-04    3.8480000000000D-06
     2.3000000000000    7.5290000000000D-04    4.1680000000000D-06
     2.5000000000000    7.9270000000000D-04    4.4740000000000D-06
     2.7000000000000    7.2150000000000D-04    4.2390000000000D-06
     2.9000000000000    6.5560000000000D-04    4.1850000000000D-06
     3.1000000000000    6.4190000000000D-04    4.1690000000000D-06
     3.3000000000000    5.4970000000000D-04    3.8480000000000D-06
     3.5000000000000    5.1110000000000D-04    3.7120000000000D-06
     3.7000000000000    4.9560000000000D-04    3.7050000000000D-06
     3.9000000000000    4.7690000000000D-04    3.6070000000000D-06
     4.1000000000000    4.7320000000000D-04    3.6740000000000D-06
     4.3000000000000    4.5270000000000D-04    3.6490000000000D-06
     4.5000000000000    4.3270000000000D-04    3.5280000000000D-06
     4.7000000000000    4.4530000000000D-04    3.6040000000000D-06
     4.9000000000000    4.2820000000000D-04    3.5400000000000D-06
     5.2500000000000    3.8000000000000D-04    2.1030000000000D-06
     5.7500000000000    3.7360000000000D-04    2.1450000000000D-06
     6.2500000000000    3.1810000000000D-04    1.9280000000000D-06
     6.7500000000000    3.0610000000000D-04    1.8930000000000D-06
     7.2500000000000    2.8030000000000D-04    1.8190000000000D-06
     7.7500000000000    2.6670000000000D-04    1.7610000000000D-06
     8.2500000000000    2.4750000000000D-04    1.6890000000000D-06
     8.7500000000000    2.3070000000000D-04    1.6230000000000D-06
     9.2500000000000    2.2860000000000D-04    1.6030000000000D-06
     9.7500000000000    2.1620000000000D-04    1.5830000000000D-06
     10.750000000000    2.0180000000000D-04    1.0780000000000D-06
     11.500000000000    1.8510000000000D-04    1.0440000000000D-06
     12.500000000000    1.7210000000000D-04    1.0150000000000D-06
     13.500000000000    1.5880000000000D-04    9.9330000000000D-07
     14.500000000000    1.5170000000000D-04    9.8630000000000D-07
     15.500000000000    1.4350000000000D-04    9.7260000000000D-07
     16.500000000000    1.3780000000000D-04    9.6810000000000D-07
     17.500000000000    1.3090000000000D-04    9.6000000000000D-07
     18.500000000000    1.2410000000000D-04    9.5050000000000D-07
     19.500000000000    1.1280000000000D-04    9.2090000000000D-07
     21.000000000000    1.0610000000000D-04    1.0300000000000D-06
     23.000000000000    9.6340000000000D-05    9.6760000000000D-07
     25.000000000000    8.6900000000000D-05    8.9790000000000D-07
     27.000000000000    7.8260000000000D-05    8.3670000000000D-07
     29.000000000000    7.3560000000000D-05    8.0370000000000D-07
     31.000000000000    6.7970000000000D-05    7.6310000000000D-07
     33.000000000000    6.2240000000000D-05    7.2160000000000D-07
     35.000000000000    5.8110000000000D-05    6.9330000000000D-07
     37.000000000000    5.2330000000000D-05    6.5270000000000D-07
     39.000000000000    4.9980000000000D-05    6.3490000000000D-07
     41.000000000000    4.5810000000000D-05    6.0670000000000D-07
     43.000000000000    4.2910000000000D-05    5.8580000000000D-07
     45.000000000000    4.0960000000000D-05    5.7790000000000D-07
     47.000000000000    3.9060000000000D-05    5.6740000000000D-07
     49.000000000000    3.5640000000000D-05    5.4290000000000D-07
     52.500000000000    3.3020000000000D-05    3.3690000000000D-07
     57.500000000000    2.8970000000000D-05    3.2360000000000D-07
     62.500000000000    2.5870000000000D-05    3.1370000000000D-07
     67.500000000000    2.2700000000000D-05    3.0010000000000D-07
     72.500000000000    1.9870000000000D-05    2.8730000000000D-07
     77.500000000000    1.7820000000000D-05    2.7640000000000D-07
     82.500000000000    1.5910000000000D-05    2.6540000000000D-07
     87.500000000000    1.3840000000000D-05    2.5020000000000D-07
     92.500000000000    1.2340000000000D-05    2.3870000000000D-07
     97.500000000000    1.0950000000000D-05    2.2430000000000D-07
     107.50000000000    8.8080000000000D-06    1.4260000000000D-07
     115.00000000000    6.4480000000000D-06    1.2360000000000D-07
     125.00000000000    4.9420000000000D-06    1.0870000000000D-07
     135.00000000000    3.6880000000000D-06    9.3750000000000D-08
     145.00000000000    2.8140000000000D-06    8.3820000000000D-08
     155.00000000000    2.1280000000000D-06    7.2520000000000D-08
     165.00000000000    1.5400000000000D-06    6.1640000000000D-08
     175.00000000000    1.0830000000000D-06    5.3200000000000D-08
     185.00000000000    7.9300000000000D-07    4.6310000000000D-08
     195.00000000000    6.2820000000000D-07    4.0190000000000D-08
     210.00000000000    3.4300000000000D-07    2.2410000000000D-08
     230.00000000000    1.8820000000000D-07    1.9570000000000D-08
     250.00000000000    9.3830000000000D-08    1.2890000000000D-08
     270.00000000000    5.5640000000000D-08    8.1330000000000D-09
     290.00000000000    2.3120000000000D-08    5.2010000000000D-09
     310.00000000000  0.  0.
     330.00000000000  0.  0.
     350.00000000000  0.  0.
     370.00000000000  0.  0.
     390.00000000000  0.  0.
     410.00000000000  0.  0.
     430.00000000000  0.  0.
     450.00000000000  0.  0.
     470.00000000000  0.  0.
     490.00000000000  0.  0.
     525.00000000000  0.  0.
     575.00000000000  0.  0.
     625.00000000000  0.  0.
     675.00000000000  0.  0.
     725.00000000000  0.  0.
     775.00000000000  0.  0.
