W.B. Amian et al., Nucl. Sci. Eng., vol.112, 1992, p.78

    0.52500000000000  0.  0.
    0.57500000000000  0.  0.
    0.62500000000000  0.  0.
    0.67500000000000  0.  0.
    0.72500000000000    1.3870000000000D-03    4.3020000000000D-05
    0.77500000000000    1.4440000000000D-03    4.0930000000000D-05
    0.82500000000000    1.4010000000000D-03    3.9290000000000D-05
    0.87500000000000    1.4230000000000D-03    3.7480000000000D-05
    0.92500000000000    1.4780000000000D-03    4.0450000000000D-05
    0.97500000000000    1.3800000000000D-03    3.8360000000000D-05
     1.0750000000000    1.3080000000000D-03    2.4510000000000D-05
     1.1500000000000    1.2650000000000D-03    2.1300000000000D-05
     1.2500000000000    1.2710000000000D-03    2.0390000000000D-05
     1.3500000000000    1.1600000000000D-03    2.0060000000000D-05
     1.4500000000000    1.1860000000000D-03    1.9260000000000D-05
     1.5500000000000    1.1590000000000D-03    1.9210000000000D-05
     1.6500000000000    1.1370000000000D-03    1.8220000000000D-05
     1.7500000000000    1.1110000000000D-03    1.8010000000000D-05
     1.8500000000000    1.1470000000000D-03    1.8130000000000D-05
     1.9500000000000    1.1800000000000D-03    1.7710000000000D-05
     2.1000000000000    1.0760000000000D-03    1.2360000000000D-05
     2.3000000000000    1.1730000000000D-03    1.3390000000000D-05
     2.5000000000000    1.2440000000000D-03    1.4340000000000D-05
     2.7000000000000    1.1370000000000D-03    1.3560000000000D-05
     2.9000000000000    1.0750000000000D-03    1.3910000000000D-05
     3.1000000000000    1.0290000000000D-03    1.3250000000000D-05
     3.3000000000000    8.9070000000000D-04    1.2610000000000D-05
     3.5000000000000    8.4210000000000D-04    1.1760000000000D-05
     3.7000000000000    8.1350000000000D-04    1.1940000000000D-05
     3.9000000000000    7.8910000000000D-04    1.1330000000000D-05
     4.1000000000000    7.8020000000000D-04    1.1380000000000D-05
     4.3000000000000    7.5260000000000D-04    1.1580000000000D-05
     4.5000000000000    7.3670000000000D-04    1.0800000000000D-05
     4.7000000000000    7.4110000000000D-04    1.0730000000000D-05
     4.9000000000000    7.2880000000000D-04    1.0640000000000D-05
     5.2500000000000    6.3110000000000D-04    6.1560000000000D-06
     5.7500000000000    6.2680000000000D-04    6.3350000000000D-06
     6.2500000000000    5.4590000000000D-04    5.5540000000000D-06
     6.7500000000000    5.1540000000000D-04    5.3260000000000D-06
     7.2500000000000    4.7200000000000D-04    4.9600000000000D-06
     7.7500000000000    4.5870000000000D-04    4.8400000000000D-06
     8.2500000000000    4.2540000000000D-04    4.4650000000000D-06
     8.7500000000000    3.9800000000000D-04    4.3310000000000D-06
     9.2500000000000    4.0230000000000D-04    4.1520000000000D-06
     9.7500000000000    3.8510000000000D-04    4.1670000000000D-06
     10.750000000000    3.5930000000000D-04    2.8210000000000D-06
     11.500000000000    3.4200000000000D-04    2.7240000000000D-06
     12.500000000000    3.2020000000000D-04    2.6230000000000D-06
     13.500000000000    3.0230000000000D-04    2.6500000000000D-06
     14.500000000000    2.9180000000000D-04    2.5740000000000D-06
     15.500000000000    2.8180000000000D-04    2.6500000000000D-06
     16.500000000000    2.7880000000000D-04    2.5950000000000D-06
     17.500000000000    2.6460000000000D-04    2.6780000000000D-06
     18.500000000000    2.6120000000000D-04    2.6230000000000D-06
     19.500000000000    2.4660000000000D-04    2.6380000000000D-06
     21.000000000000    2.3380000000000D-04    2.8560000000000D-06
     23.000000000000    2.1930000000000D-04    2.7750000000000D-06
     25.000000000000    2.0130000000000D-04    2.5130000000000D-06
     27.000000000000    2.0170000000000D-04    2.3340000000000D-06
     29.000000000000    1.9770000000000D-04    2.3240000000000D-06
     31.000000000000    1.9510000000000D-04    2.1910000000000D-06
     33.000000000000    1.8440000000000D-04    2.2660000000000D-06
     35.000000000000    1.8340000000000D-04    2.1520000000000D-06
     37.000000000000    1.7680000000000D-04    2.1030000000000D-06
     39.000000000000    1.7630000000000D-04    2.0990000000000D-06
     41.000000000000    1.7230000000000D-04    2.0670000000000D-06
     43.000000000000    1.7280000000000D-04    2.0120000000000D-06
     45.000000000000    1.7450000000000D-04    2.0520000000000D-06
     47.000000000000    1.7070000000000D-04    2.0550000000000D-06
     49.000000000000    1.6530000000000D-04    2.1350000000000D-06
     52.500000000000    1.6820000000000D-04    1.3420000000000D-06
     57.500000000000    1.6530000000000D-04    1.3350000000000D-06
     62.500000000000    1.6640000000000D-04    1.3880000000000D-06
     67.500000000000    1.6330000000000D-04    1.3750000000000D-06
     72.500000000000    1.6190000000000D-04    1.4270000000000D-06
     77.500000000000    1.5880000000000D-04    1.4610000000000D-06
     82.500000000000    1.5770000000000D-04    1.4760000000000D-06
     87.500000000000    1.5520000000000D-04    1.4700000000000D-06
     92.500000000000    1.5430000000000D-04    1.4560000000000D-06
     97.500000000000    1.4690000000000D-04    1.4400000000000D-06
     107.50000000000    1.4270000000000D-04    9.9880000000000D-07
     115.00000000000    1.3750000000000D-04    9.8800000000000D-07
     125.00000000000    1.3230000000000D-04    9.7860000000000D-07
     135.00000000000    1.2900000000000D-04    9.7980000000000D-07
     145.00000000000    1.2430000000000D-04    9.6030000000000D-07
     155.00000000000    1.2160000000000D-04    9.7610000000000D-07
     165.00000000000    1.1790000000000D-04    9.5270000000000D-07
     175.00000000000    1.1520000000000D-04    9.6100000000000D-07
     185.00000000000    1.1260000000000D-04    9.6340000000000D-07
     195.00000000000    1.0950000000000D-04    9.9160000000000D-07
     210.00000000000    1.0580000000000D-04    6.8830000000000D-07
     230.00000000000    9.8490000000000D-05    7.1680000000000D-07
     250.00000000000    9.2350000000000D-05    6.6820000000000D-07
     270.00000000000    8.4960000000000D-05    6.6010000000000D-07
     290.00000000000    7.8180000000000D-05    6.3530000000000D-07
     310.00000000000    7.0940000000000D-05    6.1220000000000D-07
     330.00000000000    6.3700000000000D-05    5.7460000000000D-07
     350.00000000000    5.7540000000000D-05    5.3710000000000D-07
     370.00000000000    5.2660000000000D-05    5.2150000000000D-07
     390.00000000000    4.8310000000000D-05    4.7630000000000D-07
     410.00000000000    4.6450000000000D-05    4.9270000000000D-07
     430.00000000000    4.5000000000000D-05    4.9490000000000D-07
     450.00000000000    4.5700000000000D-05    4.7990000000000D-07
     470.00000000000    4.4930000000000D-05    5.0100000000000D-07
     490.00000000000    4.4620000000000D-05    4.9770000000000D-07
     525.00000000000    4.2820000000000D-05    3.2890000000000D-07
     575.00000000000    3.6490000000000D-05    2.8630000000000D-07
     625.00000000000    2.3350000000000D-05    2.1500000000000D-07
     675.00000000000    1.1000000000000D-05    1.3950000000000D-07
     725.00000000000    3.4420000000000D-06    7.8510000000000D-08
     775.00000000000    6.4390000000000D-07    3.1800000000000D-08
