W.B. Amian et al., Nucl. Sci. Eng., vol.112, 1992, p.78

    0.52500000000000  0.  0.
    0.57500000000000  0.  0.
    0.62500000000000  0.  0.
    0.67500000000000  0.  0.
    0.72500000000000  0.  0.
    0.77500000000000  0.  0.
    0.82500000000000  0.  0.
    0.87500000000000  0.  0.
    0.92500000000000  0.  0.
    0.97500000000000  0.  0.
     1.0750000000000  0.  0.
     1.1500000000000  0.  0.
     1.2500000000000  0.  0.
     1.3500000000000  0.  0.
     1.4500000000000  0.  0.
     1.5500000000000  0.  0.
     1.6500000000000  0.  0.
     1.7500000000000  0.  0.
     1.8500000000000    9.2590000000000D-04    2.5480000000000D-05
     1.9500000000000    9.3040000000000D-04    2.6280000000000D-05
     2.1000000000000    8.1290000000000D-04    1.6320000000000D-05
     2.3000000000000    9.8770000000000D-04    1.9370000000000D-05
     2.5000000000000    1.1200000000000D-03    2.1910000000000D-05
     2.7000000000000    9.4800000000000D-04    1.9640000000000D-05
     2.9000000000000    9.3500000000000D-04    2.0540000000000D-05
     3.1000000000000    8.9350000000000D-04    1.8840000000000D-05
     3.3000000000000    6.9160000000000D-04    1.7130000000000D-05
     3.5000000000000    6.2850000000000D-04    1.5770000000000D-05
     3.7000000000000    5.9900000000000D-04    1.6160000000000D-05
     3.9000000000000    5.7540000000000D-04    1.3730000000000D-05
     4.1000000000000    5.8960000000000D-04    1.4890000000000D-05
     4.3000000000000    5.7380000000000D-04    1.5600000000000D-05
     4.5000000000000    5.5670000000000D-04    1.4440000000000D-05
     4.7000000000000    5.8540000000000D-04    1.3830000000000D-05
     4.9000000000000    5.6230000000000D-04    1.3780000000000D-05
     5.2500000000000    4.8250000000000D-04    7.5230000000000D-06
     5.7500000000000    5.0960000000000D-04    8.2480000000000D-06
     6.2500000000000    4.0490000000000D-04    6.6150000000000D-06
     6.7500000000000    3.8060000000000D-04    6.6980000000000D-06
     7.2500000000000    3.4430000000000D-04    6.2770000000000D-06
     7.7500000000000    3.2720000000000D-04    5.9410000000000D-06
     8.2500000000000    3.2780000000000D-04    5.4610000000000D-06
     8.7500000000000    3.0660000000000D-04    5.3410000000000D-06
     9.2500000000000    2.9990000000000D-04    5.3080000000000D-06
     9.7500000000000    2.9480000000000D-04    5.5500000000000D-06
     10.750000000000    2.7100000000000D-04    3.3890000000000D-06
     11.500000000000    2.6080000000000D-04    3.3160000000000D-06
     12.500000000000    2.3150000000000D-04    3.3210000000000D-06
     13.500000000000    2.2890000000000D-04    3.2770000000000D-06
     14.500000000000    2.1640000000000D-04    3.2630000000000D-06
     15.500000000000    2.0640000000000D-04    3.2740000000000D-06
     16.500000000000    2.0520000000000D-04    3.2740000000000D-06
     17.500000000000    1.9390000000000D-04    3.2390000000000D-06
     18.500000000000    1.9060000000000D-04    3.1420000000000D-06
     19.500000000000    1.8840000000000D-04    3.1900000000000D-06
     21.000000000000    1.6210000000000D-04    2.9650000000000D-06
     23.000000000000    1.5560000000000D-04    2.6730000000000D-06
     25.000000000000    1.4690000000000D-04    2.5150000000000D-06
     27.000000000000    1.3540000000000D-04    2.3910000000000D-06
     29.000000000000    1.4170000000000D-04    2.4170000000000D-06
     31.000000000000    1.3910000000000D-04    2.2820000000000D-06
     33.000000000000    1.3920000000000D-04    2.2420000000000D-06
     35.000000000000    1.3650000000000D-04    2.2160000000000D-06
     37.000000000000    1.2860000000000D-04    2.1630000000000D-06
     39.000000000000    1.3010000000000D-04    2.1110000000000D-06
     41.000000000000    1.3040000000000D-04    2.0740000000000D-06
     43.000000000000    1.2650000000000D-04    2.1100000000000D-06
     45.000000000000    1.2350000000000D-04    2.0580000000000D-06
     47.000000000000    1.2450000000000D-04    2.1020000000000D-06
     49.000000000000    1.2110000000000D-04    2.0470000000000D-06
     52.500000000000    1.2000000000000D-04    1.2860000000000D-06
     57.500000000000    1.1360000000000D-04    1.2860000000000D-06
     62.500000000000    1.0990000000000D-04    1.3030000000000D-06
     67.500000000000    1.0540000000000D-04    1.2490000000000D-06
     72.500000000000    1.0130000000000D-04    1.2590000000000D-06
     77.500000000000    9.8420000000000D-05    1.2970000000000D-06
     82.500000000000    9.6150000000000D-05    1.2340000000000D-06
     87.500000000000    9.3020000000000D-05    1.2230000000000D-06
     92.500000000000    9.0550000000000D-05    1.1940000000000D-06
     97.500000000000    8.8250000000000D-05    1.2270000000000D-06
     107.50000000000    8.1610000000000D-05    8.4730000000000D-07
     115.00000000000    7.9340000000000D-05    8.3610000000000D-07
     125.00000000000    7.4380000000000D-05    8.0210000000000D-07
     135.00000000000    7.0280000000000D-05    8.0990000000000D-07
     145.00000000000    6.4450000000000D-05    7.9070000000000D-07
     155.00000000000    6.1930000000000D-05    8.1210000000000D-07
     165.00000000000    5.7070000000000D-05    7.9000000000000D-07
     175.00000000000    5.1870000000000D-05    7.5360000000000D-07
     185.00000000000    4.9170000000000D-05    7.2840000000000D-07
     195.00000000000    4.4330000000000D-05    6.9920000000000D-07
     210.00000000000    3.8580000000000D-05    4.7780000000000D-07
     230.00000000000    3.0600000000000D-05    4.4550000000000D-07
     250.00000000000    2.3500000000000D-05    3.8480000000000D-07
     270.00000000000    1.7650000000000D-05    3.3020000000000D-07
     290.00000000000    1.3510000000000D-05    2.9170000000000D-07
     310.00000000000    9.5960000000000D-06    2.2090000000000D-07
     330.00000000000    7.3390000000000D-06    1.8380000000000D-07
     350.00000000000    5.1220000000000D-06    1.4680000000000D-07
     370.00000000000    3.6260000000000D-06    1.2090000000000D-07
     390.00000000000    2.5060000000000D-06    1.1100000000000D-07
     410.00000000000    1.8800000000000D-06    9.8330000000000D-08
     430.00000000000    1.3910000000000D-06    7.6460000000000D-08
     450.00000000000    9.2450000000000D-07    6.4820000000000D-08
     470.00000000000    6.3040000000000D-07    5.7110000000000D-08
     490.00000000000    4.1750000000000D-07    5.0220000000000D-08
     525.00000000000    1.9510000000000D-07    2.7480000000000D-08
     575.00000000000    6.8790000000000D-08    2.2860000000000D-08
     625.00000000000    2.9900000000000D-08    2.0410000000000D-08
     675.00000000000  0.  0.
     725.00000000000  0.  0.
     775.00000000000  0.  0.
