Il Nuevo Cimento, Vol.30A, N.2 (1975), p.320
 
 p(600MeV)+C  ---   lcp spectra 
 
 

alpha
-----

Angle  E_lcp    Xsect(mb/MeV/sr) 
 
45 
       10.5      0.186
       13.1       0.16
       16.5      0.118
       17.1      0.149
       19.5      0.119
       23.6 0.92E-01
       26.1 0.76E-01
       29.2 0.6E-01
       31.6 0.48E-01
75 
       10.6 0.425E-01
       17.6 0.438E-01
       27.7 0.28E-01
       32.7 0.224E-01
       37.7 0.179E-01
       47.7 0.84E-02
       57.5 0.396E-02
       66.9 0.253E-02
       87.1 0.111E-02
        93. 0.96E-03
105
       12.7 0.162E-01
       17.7 0.139E-01
       23.5 0.89E-02
       27.6 0.296E-02
       32.5 0.167E-02
        38. 0.84E-03



deuton
------

Angle  E_lcp    Xsect    
 
30
        7.4       0.11         9.        17.
       12.4 0.88E-01        40.        24.
       17.4      0.104        10.        17.
       22.4      0.105        10.        14.
       28.1      0.106        15.         9.
       32.4      0.107        15.         9.
       37.4      0.107         9.        14.
       42.4 0.93E-01        10.        14.
       47.4 0.94E-01        10.        16.
       52.4 0.92E-01         8.        13.
       57.4 0.96E-01         9.        18.
       62.4 0.96E-01         9.         9.
75
       4.21 0.81E-01 0.3   E-02 0.3   E-02
       5.39 0.97E-01 0.3   E-02 0.3   E-02
       6.56        0.1 0.3   E-02 0.3   E-02
       7.44 0.966E-01 0.47  E-02 0.22  E-02
       8.67 0.999E-01 0.29  E-02 0.4   E-02
       9.62 0.93E-01 0.6   E-02 0.3   E-02
      10.71 0.93E-01 0.6   E-02 0.3   E-02
      11.81 0.85E-01 0.3   E-01 0.3   E-02
      12.91 0.79E-01 0.4   E-02 0.3   E-02



Helium-3
--------

Angle  E_lcp    Xsect    
 
75
       10.2 0.196E-01
       12.4 0.196E-01
       14.1 0.299E-01
       15.8 0.299E-01
       17.6 0.282E-01
       19.2 0.257E-01
       21.4 0.248E-01
       23.3 0.234E-01
       25.5 0.213E-01
        27. 0.187E-01
       29.3 0.194E-01
       31.5 0.187E-01
       33.8 0.161E-01
       35.6 0.147E-01
       48.4 0.105E-01
       50.7 0.1E-01
       53.6 0.106E-01
       60.8 0.91E-02
       69.8 0.72E-02
       74.9 0.52E-02
       79.9 0.43E-02
       84.4 0.377E-02
        90. 0.355E-02
      100.2 0.244E-02
      109.8 0.123E-02



triton
------

Angle  E_lcp    Xsect    
 

30
        7.6 0.51E-01        16.        24.
       12.6 0.41E-01        15.        17.
       17.7 0.35E-01        14.        11.
       22.8 0.232E-01        12.        14.
       27.8 0.21E-01        15.        14.
       32.8 0.196E-01        15.        10.
       37.7 0.29E-01        10.        17.
        42. 0.171E-01        15.        15.
       46.9 0.173E-01        15.        14.
       51.8 0.202E-01        15.        10.
       57.4 0.151E-01        21.        15.
       61.9 0.152E-01        17.        10.
75
       2.97 0.397E-01 0.44  E-02 0.2   E-02
        3.2 0.38E-01 0.3   E-02 0.3   E-02
       3.22 0.216E-01 0.21  E-02 0.33  E-02
       4.26 0.51E-01 0.3   E-02 0.3   E-02
       5.33 0.62E-01 0.3   E-02 0.3   E-02
       6.41 0.63E-01 0.3   E-02 0.3   E-02
       7.48 0.74E-01 0.4   E-02 0.3   E-02
       8.57 0.74E-01 0.4   E-02 0.3   E-02
       9.68 0.57E-01 0.3   E-02 0.3   E-02
      10.77 0.58E-01 0.3   E-02 0.3   E-02
      11.86 0.56E-01 0.3   E-02 0.3   E-02
      12.97 0.45E-01 0.5   E-02 0.4   E-02
