NP 13(1959) 258-280 (table 3, p267)

lcp spectra  ds/dw(10-24 cm2/sr)

   angle    Xsect  uncert.    

(degrees)         Be                C               Cu                 U 
      7     0.660   0.033     1.100   0.055    1.168   0.058     3.650   0.182 
     10     0.376   0.019     0.492   0.015    1.052   0.053     1.544   0.077 
     12.2   0.298   0.015     0.336   0.017    0.765   0.039     1.180   0,059 
     15     0.227   0.011     0.276   0.014    0.642   0.032     0.998   0.050 
     18     0.195   0.010     0.230   0.011    0.556   0.028     0.900   0.045 
     24     0.125   0.006     0.158   0.008    0.400   0.020     0.716   0.036 
     30     0.089   0.004     0.114   0.006    0.335   0.017     0.592   0.030 
     40     0.054   0.003     0.074   0.004    0.228   0.011     0.443   0.022 



angular acceptances: 
+/-0.4 degree (from 7 to 18 degree)
and +/-0.8 degree (from24 degree to 40)
