PRC 21, N3 (1980) 1014 (table 5, p1021) - proton differential cross section


Smoothed cross sections in units of mb/[s(MeV/c)] for an angle of 15 degree.
These cross sections were obtained by smoothing point by point data obtained 
in this work. In some cases the interpolation bas been performed between
nonoverlapping data sets at different momenta.

angular acceptances +/-1 degree 


  p         6Li       Li        12C     27Al      40Ca       51V      90Zr      208pb       2H          1H
(MeV/c)


725                            0.141    0.219     0.294               0.459     0.605	   0.0365     0.0337     
730        0.086     	       0.137 	0.220     0.2935                                   0.037      0.034	
790        0.090     	       0.135 	0.221     0.293               0.438     0.569	   0.0477     0.038     
850        0.097     	       0.146 	0.226     0.304               0.430     0.568	   0.0565     0.0417     
900        0.102     	       0.148 	0.227     0.312               0.435     0.570	   0.0610     0.0451     
940        0.106     	       0.154 	0.228     0.310               0.430     0.565	   0.0640     0.0471     
1000       0.105     	       0.150 	0.237     0.305               0.433     0.550      0.0630     0.0478     
1050       0.096     	       0.149 	0.229     0.295               0.401     0.502	   0.0570     0.0430     
1090       0.088     	       0.138 	0.218     0.280               0.360     0.462	   0.0485     0.0367     
1120       0.078     	       0.129 	0.190     0.263               0.360     0.432	   0.0420     0.030     
1160       0.067     0.067     0.112 	0.181     0.244     0.274     0.360	0.434	   0.0280     0.017
1200       0.057     0.086     0.108 	0.180     0.250     0.310     0.356	0.436	   0.0185     
1220       0.062     0.073     0.115 	0.192     0.259     0.365     0.368	0.470	   0.0168     
1240       0.070     0.092     0.143  	0.235     0.295     0.400     0.400	0.505	   0.0160     
1260       0.102     0.130     0.207 	0.297     0.337     0.455     0.500	0.630	   0.0162     
1280       0.155     0.188     0.278 	0.410     0.514     0.57      0.670	0.780	   0.0220     
1300       0.234     0.291     0.411 	0.560     0.710     0.72      0.890	1.05	   0.0300	
1310       0.300     0.359     0.458 	0.647     0.817     0.80      1.02	1.21	  
1320       0.382     0.441     0.532 	0.713     0.925     0.89      1.140	1.36	 
1330       0.455     0.506     0.600 	0.777     0.960     0.95      1.270	1.50	 
1340       0.542     0.624     0.678 	0.856     1.106     1.05      1.370	1.71	 
1350       0.616     0.619     0.695 	0.870     1.12      1.10      1.47	1.81	  
1360       0.670     0.700     0.719 	0.915     1.255     1.16      1.59	2.01	  
1365       0.708     0.745     0.747 	0.930     1.26      1.18      1.59	2.08	  
1370       0.710     0.721     0.74  	0.920     1.262     1.19      1.590	2.16	 
1375       0.692     0.714     0.736 	0.918     1.245     1.20      1.58	2.12	  
1380       0.690     0.680     0.710 	0.925     1.23      1.20      1.57	2.08	  
1385       0.682     0.685     0.690 	0.930     1.22      1.20      1.55	2.06	  
1390       0.650     0.661     0.660 	0.900     1.21      1.19      1.52	2.05	  
1395       0.610     0.577     0.635 	0.880     1.12      1.17      1.500	1.97	 
1400       0.550     0.539     0.584 	0.860     1.05      1.14      1.460	1.89	 
1405       0.510     0.500     0.547 	0.830     0.995     1.10      1.420	1.85	 
1410       0.511     0.441     0.530 	0.820     0.986     1.05      1.380	1.82	 
1415       0.460     0.447     0.497 	0.830     0.869     1.015     1.34	1.77	  
1420       0.408     0.400     0.437 	0.840     0.853     0.97      1.30      1.73     
1425       0.353     0.403     0.360 	0.800     0.848     0.889     1.26	1.68	  
1430       0.359     0.356     0.390 	0.785     0.844     0.85      1.23	1.604     
1435       0.418     0.310     0.43  	0.837     0.797     0.810     1.21	1.545     
1440       0.617     0.890     1.06  	0.949     0.750     0.762     1.20	1.46	  
							   
           ±6.5      ±6.5      ±6.2      ±5.9      ±6.2      ±5.9     ±5.9        ±6.2       ±6.6	±6.6	 
Approximate systematic cross section errors in %



