PRC 36, N5 (1987) 1976 (table 4, p1983)


Energy-integrated neutron production cross sections



Target     ds/dw            ds/dw          ds/dw          ds/dw     
          (mb/sr)          (mb/sr)        (mb/sr)        (mb/sr)     
        (0.9-20MeV)      (20-585MeV)    (0.9-585MeV)   (50-585MeV)


                                 150 degree +/-0.5

U      1543    173      142.3  15.9     1685   188      64.4   7.2     
Pb     1025    115      122.0  13.6     1147   128      53.5   6.0     
Ta      878     98       98.2  11.0      976   109      43.4   4.8     
In      396.5   44.3     56.3   6.3      452.8  50.6    24.7   2.8     
Nb      243.4   27.2     42.4   4.7      285.8  31.9    18.6   2.1     
Fe       93.4   10.4     23.5   2.6      116.9  13.1    10.8   1.2     
Al       26.9    3.0     12.8   1.4       39.7   4.4     7.00  0.78     
C         7.64   0.85     3.36  0.38      11.0   1.2     1.83  0.20     


                                 90 degree +/-0.5
     
U      1688    189      277.6  31.0     1966   220     162.4  18.1     
Pb     1075    120      210.1  23.5     1285   144     121.1  15.5     
Ta      937    105      205.0  22.9     1142   128     120.4  13.4     
In      499.0   55.7    164.2  18.3      663    74      95.3  10.6     
Nb      321.0   35.9    134.2  15.0      455.2  50.8    82.2   9.2     
Fe      130.5   14.6     89.5  10.0      220.0  10.0    56.8   6.3     
Al       41.7    4.7     37.2   4.2       78.9   8.8    24.0   2.7     
C         9.88   1.10    10.1   1.1       19.9   2.2     6.52  0.73     


                                 30 degree +/-0.5
     
U      1961    219     1168   131      3129   351      861    96     
Pb     1299    145      927   104      2226   249      693    77     
Ta     1174    131      949   106      2123   237      716    80     
In      557     62      591    66      1148   128      458    51.2     
Nb      405.5   45.2    490.8  54.8     896   100      384.1  42.9     
Fe      192.1   21.4    345.4  38.6     537    60      278.3  31.1     
Al       88.9    9.9    178.1  19.9     267.0  29.8    146.6  16.4     
C        29.9    3.3     62.8   7.0      92.7  10.4     52.3   5.8     

