PRC 8, N3 (1973) 1045 (table 3, p1060)

yields of charged particles


target   Y    COE

                                    Ep=62 MeV

         proton           deuteron      triton       He-3           alpha          Xsec(calc.)

12C     1.1   1.5      0.22    1.5     0.029 5.6   0.057  6.2     0.48   3.2       322 
16O     1.1   2.2      0.20    2.3     0.020 5.9   0.034  7.5	  0.25	 5.6	   386 
27Al    1.3   2.4      0.17    2.4     0.017 6.2   0.021  6.7	  0.31	 2.9	   537 
54Fe    2.0   1.7      0.11    2.4     0.008 6.3   0.012  7.3	  0.18	 4.9	   822 
56Fe    1.3   3.8      0.10    4.8     0.015 5.9                                   846 
89Y     0.89  1.9      0.079   3.0     0.012 6.4   0.004  7.4     0.09   7.0 	   1125 
120Sn   0.60  2.0      0.070   4.6     0.017 5.6   0.002  13 	  0.047  11 	   1349 
197Au   0.36  3.6      0.048   4.8     0.012 6.4   0.001  13 	  0.018  13 	   1799 
209Bi   0.37  6.0      0.051   4.7     0.015 5.8   0.001  13 	  0.017  14 	   1876
	 


                                    Ep=39 MeV


12C     0.79  2.8      0.17    3.0     0.009 5.7   0.048  13      0.39   5.5       382  
54Fe    1.68  1.6      0.059   3.0     0.003 6.3   0.008  12	  0.13   4.4	   918 
209Bic  0.20  6.0      0.041   4.7     0.010 5.7   0.0004 13	  0.008  14	   2022



                                    Ep=29 MeV

54Fe    1.4   1.7      0.036   2.5     0.001 6.5   0.0004 13      0.099  4         973 


Y: yields (particle production Xsect(mb) / reaction cross section (mb))
COE: cutoff energy (MeV)
uncertainty: 20% (except He-3, 50%)
