PRC 21, N3 (1980) 1014 (table 4, p1020) - proton differential cross section


Smoothed cross sections in units of mb/[s(MeV/c)] for an angle of 13 degree.
These cross sections were obtained by smoothing point by point data obtained 
in this work. In some cases the interpolation bas been performed between
nonoverlapping data sets at different momenta.

angular acceptances +/-1 degree 


  p           6Li       Li     12C     27Al    40Ca    51V    90Zr    208pb
(MeV/c)

1215         0.045     0.050   0.097   0.155   0.10   0.200   0.290   0.34   
1225         0.050     0.055   0.100   0.160   0.21   0.216   0.300   0.36   
1235         0.055     0.060   0.110   0.175   0.22   0.230   0.310   0.37   
1246         0.060     0.068   0.122   0.176   0.23   0.250   0.340   0.40   
1256         0.065     0.075   0.126   0.202   0.24   0.270   0.360   0.42   
1265         0.070     0.086   0.160   0.225   0.28   0.300   0.400   0.46   
1275         0.090     0.100   0.170   0.255   0.30   0.335   0.450   0.53   
1285         0.110     0.122   0.205   0.300   0.36   0.385   0.530   0.60   
1295         0.140     0.150   0.250   0.355   0.44   0.465   0.620   0.69   
1305         0.160     0.188   0.305   0.420   0.52   0.535   0.720   0.81   
1315         0.210     0.242   0.379   0.517   0.65   0.640   0.640   0.97   
1825         0.280     0.320   0.467   0.636   0.76   0.760   0.870   1.11   
1835         0.360     0.410   0.557   0.750   0.87   0.880   1.110   1.28   
1345         0.445     0.505   0.645   0.860   1.01   0.995   1.255   1.48   
1355         0.550     0.622   0.729   0.966   1.16   1.105   1.430   1.72   
1365         0.700     0.775   0.830   1.080   1.31   1.210   1.630   2.01   
1375         0.835     0.882   0.912   1.155   1.41   1.335   1.750   2.23   
1380         0.870     0.910   0.940   1.175   1.44   1.385   1.850   2.31   
1385         0.872     0.912   0.950   1.190   1.48   1.422   1.900   2.37   
1390         0.875     0.410   0.952   1.20    1.52   1.455   1.940   2.40   
1395         0.865     0.908   0.955   1.20    1.52   1.478   1.970   2.43   
1400         0.856     0.890   0.955   1.21    1.54   1.400   1.990   2.44   
1405         0.840     0.855   0.952   1.21    1.55   1.510   2.000   2.44   
1410         0.820     0.815   0.950   1.20    1.65   1.515   1.900   2.45   
1416         0.165     0.790   0.930   1.19    1.52   1.480   1.980   2.40   
1420         0.100     0.780   0.840   1.17    1.44   1.442   1.960   2.36   
1425         0.685     0.780   0.780   1.14    1.33   1.390   1.040   2.84   
1480         0.700     0.700   0.750   1.115          1.48    1.910   2.36   
1435         1.00      0.810   0.775   1.090          1.58    1.880   
1440         1.665     1.610   2.04    1.050	
      
             ±6.5      ±6.5    ±6.2    ±5.9    ±4.2    ±5.9   ±5.9    ±6.2 
Approximate systematic cross section errors in %

