PRC 21, N3 (1980) 1014 (table 3, p1019) - proton differential cross section


Smoothed cross sections in units of mb/[s(MeV/c)] for an angle of 11 degree.
These cross sections were obtained by smoothing point by point data obtained 
in this work. In some cases the interpolation bas been performed between
nonoverlapping data sets at different momenta.

angular acceptances +/-1 degree


  p      6Li     Li      12C     27Al    40Ca     51V     90Zr    208pb
(MeV/c)

 880    0.137	0.162	0.222	0.360		 0.660 
 900    0.165	0.162	0.235	0.363		 0.600 
 920    0.180	0.171	0.241	0.378		 0.604 
 940    0.188	0.170	0.247	0.390		 0.608 
 960    0.190	0.182	0.253	0.395		 0.612 
 980    0.190	0.185	0.259	0.399		 0.616 
1000    0.188	0.168	0.265	0.400		 0.620 
1020    0.184	0.190	0.270	0.405		 0.624 
1040    0.190	0.192	0.275	0.400		 0.628 
1060    0.190	0.188	0.272	0.395		 0.632 
1080    0.180	0.185	0.265	0.390		 0.635 
1100    0.168	0.177	0.250	0.380		 0.625 
1120    0.152	0.155	0.228	0.350	         0.560 
1140    0.138	0.140	0.206	0.328		 0.534 
1160    0.119	0.122	0.184	0.306		 0.467 
1180    0.100	0.105	0.162	0.283		 0.414 
1200    0.083	0.087	0.140	0.260	         6.370 
1220    0.065	0.074	0.125	0.239	0.22     0.340   0.350   0.42 
1240    0.060	0.068	0.110	0.218	0.22     0.320   0.320   0.44 
1260    0.062	0.072	0.115	0.204	0.22     0.330	 0.340	 0.47 
1260    0.085	0.08	0.150	0.190	0.26     0.360   0.380   0.48 
1300    0.080	0.112	0.180	0.220	0.33     0.480   0.500   0.62 
1520    0.125	0.14	0.260	0.360	0.48     0.620   0.690   0.82 
1340    0.195	0.23	0.37	0.630	0.81     0.900	 1.010   1.200 
1360    0.385	0.540	0.62	0.970	1.22	 1.420	 1.55	 1.75 
1380    0.700	0.135	1.041	1.200	1.64     1.900   2.0	 2.30 
1400    1.025	1.065	1.252	1.660	2.05     2.28	 2.5	 3.11 
1410    1.165	1.197	1.415	1.710	2.20     2.52	 2.820   3.40 
1415    1.212	1.198	1.430	1.770	2.21     2.57		 3.46 
1420    1.130	1.130	1.423	1.730	2.18 
1485    1.060	1.100	1.390	1.740	2.17 
1430    1.020	1.325	1.060	1.860 
1435    1.22	1.425	0.940	1.960 

         ±6.5    ±6.5   ±6.2   ±5.9    ±4.2     ±5.9    ±5.9     ±6.2 
Approximate systematic cross section errors in %. 


