PRC 21, N3 (1980) 1014 (table 6, p1022) - proton differential cross section


Smoothed cross sections in units of mb/[s(MeV/c)] for an angle of 20 degree.
These cross sections were obtained by smoothing point by point data obtained 
in this work. In some cases the interpolation bas been performed between
nonoverlapping data sets at different momenta.

angular acceptances +/-1 degree 


  p        6Li        Li        12C       27Al      40Ca       51V        90Zr        pb       
(MeV/c)

1070     0.0575     0.0600     0.103     0.1675     0.205     0.2100     0.2950     0.360     
1080     0.0560     0.0625     0.105     0.1700     0.207     0.2225     0.2975     0.365     
1090     0.0550     0.0600     0.108     0.1725     0.208     0.2250     0.2988     0.360     
1100     0.0565     0.0613     0.110     0.1750     0.210     0.2300     0.3000     0.368     
1110     0.0580     0.0625     0.113     0.1775     0.211     0.2320     0.3050     0.380     
1120     0.0563     0.0638     0.115     0.1825     0.214     0.2400     0.3100     0.390     
1130     0.0610     0.0663     0.121     0.1900     0.220     0.2450     0.3150     0.400     
1140     0.0615     0.0688     0.124     0.1975     0.230     0.2550     0.3250     0.410     
1150     0.0688     0.0738     0.129     0.2100     0.240     0.2625     0.3375     0.420     
1160     0.0713     0.0800     0.138     0.2175     0.255     0.2700     0.3500     0.428     
1170     0.0825     0.0900     0.150     0.2375     0.270     0.2850     0.3725     0.438     
1180     0.0938     0.1050     0.170     0.2525     0.290     0.3200     0.4000     0.460     
1190     0.1063     0.1200     0.190     0.2850     0.310     0.3275     0.4250     0.488     
1200     0.1213     0.1400     0.208     0.3050     0.330     0.3525     0.4550     0.523     
1210     0.1463     0.1625     0.228     0.3325     0.355     0.3800     0.4925     0.565     
1220     0.1700     0.1900     0.254     0.3600     0.400     0.4100     0.5250     0.620     
1230     0.1888     0.2075     0.285     0.3850     0.430     0.4400     0.5500     0.675     
1240     0.2200     0.2413     0.313     0.4125     0.470     0.4725     0.6100     0.743     
1260     0.2525     0.2800     0.338     0.4400     0.513     0.5025     0.6588     0.798     
1260     0.2875     0.3175     0.355     0.4600     0.550     0.5300     0.7050     0.860     
1270     0.3238     0.3400     0.380     0.4875     0.590     0,5625     0.7575     0.930     
1280     0.3500     0.3650     0.390     0.5150     0.615     0.5950     0.8150     0.990     
1290     0.3700     0.3800     0.398     0.5300     0.640     0.6175     0.8550     1.045     
1300     0.3838     0.3825     0.403     0.5450     0.645     0.6250     0.8700     1.080     
1310     0.3788     0.3750     0.403     0.5538     0.650     0.6275     0.8750     1.105     
1320     0.3513     0.3550     0.395     0.5500     0.638     0.6200     0.8300     1.108     
1330     0.3250     0.3300     0.385     0.5400     0.610     0.5976     0.8355     1.090     
1340     0.2700     0.3000     0.345     0.5100     0.575     0.5563     0.8038     1.053     
1350     0.2225     0.2525     0.308     0.4700     0.535     0.5475     0.7550     1.005     
1360     0.1850     0.2050     0.265     0.4288     0.485     0.4825     0.7025     0.994     
1370     0.1463     0.1625     0.228     0.3850     0.425     0.4375     0.6275     0.830     
1380     0.1150     0.1150     0.191     0.3350     0.368     0.4100     0.5600     0.798     
1390     0.0800     0.0850     0.148     0.2750     0.300     0.3250     0.4950     0.695     
1400     0.0538     0.0625     0.120     0.2250     0.260     0.2975     0.4400     0.605     
1410     0.0438                0.108     0.1900     0.215     0.2775     0.3925     0.550     
1420                           0.073     0.1550     0.170     0.1975     0.3200     0.440     
1430                                     0.1300     0.140     0.1650     0.1325     0.380     
1440                                     0.1050               0.1275     
1460     
							   
          ±6.2       ±6.2      ±5.8       ±5.5      ±5.8       ±5.5       ±5.5       ±6.8
Approximate systematic cross section errors in %
