PRC 21, N3 (1980) 1014 (table 7, p1023) - proton differential cross section


Smoothed cross sections in units of mb/[s(MeV/c)] for an angle of 25 degree.
These cross sections were obtained by smoothing point by point data obtained 
in this work. In some cases the interpolation bas been performed between
nonoverlapping data sets at different momenta.

angular acceptances +/-1 degree 


  p        6Li        Li       12C       27Al      40Ca      51V       90Zr       pb       
(MeV/c)


970 	  0.0455    0.051     0.092     0.147	
980 	  0.0450    0.052     0.092     0.147 
990 	  0.0445    0.052     0.0)1     0.148 
1000 	  0.0440    0.053     0.091     0.149 
1010 	  0.065     0.053     0.091     0.151 
1020 	  0.0460    0.054     0.092     0.154 
1030 	  0.0470    0.054     0.093     0.158				        0.340 
1040 	  0.0420    0.056     0.096     0.161		    0.211     0.278     0.341 
1050 	  0.0500    0.067     0.099     0.165		    0.216     0.284     0.343 
1060 	  0.0520    0.060     0.103     0.169		    0.220     0.285     0.346 
1070 	  0.0540    0.085     0.107     0,174		    0.224     0.289     0.348 
1080 	  0.0590    0.072     0.115     0.182	  0.208     0.229     0.298     0.353 
1090 	  0.0650    0.077     0.124     0.189	  0.228     0.234     0.305     0.360 
1100 	  0.0730    0.083     0.129     0.195	  0.231     0.239     0.315     0.368 
1110 	  0.0810    0.091     0.135     0.202	  0.240     0.245     0.328     0.380 
1120 	  0.0910    0.100     0.143     0.212	  0.252     0.256     0.340     0.390 
1130 	  0.1020    0.113     0.153     0.224	  0.268     0.266     0.356     0.408 
1140 	  0.1110    0.123     0.162     0.234	  0.276     0.277     0.370     0.428 
1150 	  0.1220    0.134     0.170     0.244	  0.290     0.289     0.385     0.448 
1160 	  0.1340    0.146     0.177     0.254	  0.03      0.300     0.406     0.470 
1170 	  0.1480    0.158     0.186     0.264	  0.316     0.312     0.423     0.495 
1180 	  0.1610    0.168     0.197     0.276	  0.380     0.324     0.443     0.528 
1190 	  0.1710    0.176     0.202     0.284	  0.341     0.335     0.458     0.558 
1200 	  0.1780    0.181     0.204     0.290	  0.354     0.344     0.473     0.695 
1210 	  0.1840    0.186     0.210     0.294	  0.364     0.352     0.483     0.620 
1220 	  0.1870    0.186     0.216     0.296	  0.368     0.358     0.493     0.638 
1230 	  0.1SSO    0.184     0.218     0.296	  0.374     0.363     0.498     0.651 
1240 	  0.1835    0.178     0.314     0.294	  0.864     0.372     0.496     0.654 
1260 	  0.1730    0.170     0.306     0.288	  0.360     0.361     0.484     0.653 
1260 	  0.158     0.159     0.196     0.78	  0.344     0.353     0.465     0.645 
1270 	  0.140     0.145     0.184     0.268	  0.320     0.342     0.449     0.630 
1280 	  0.120     0.119     0.175     0.254	  0.310     0.329     0.451     0.600 
1290 	  0.103     0.110     0.162     0.287	  0.294     0.309     0.450     0.575 
1300 	  0.091     0.094     0.144     0.230	  0.272     0.291     0.410     0.553 
1310 	  0.077     0.075     0.130     0.209	  0.253     0.276     0.358     0.522 
1320 	  0.065     0.065     0.115     0.186	  0.220     0.240     0.323     0.488 
1380 	  0.053     0.054     0.100     0.160	  0.202     0.235     0.510     0.430 
1340 	  0.044     0.045     0.087     0.136	  0.170     0.100     0.283     0.385 
1350 	  0.037     0.038     0.074     0.118	  0.152     0.171     0.249     0.340 
1360 	  0.081     0.034     0.064     0.102	  0.142     0.161     0.223     0.295 
1370 	  0.025     0.028     0.054     0.091	  0.120     0.133     0.193     0.265 
1380 	  0.021     0.025     0.051     0.084	  0.094     0.118     0.153     0.230 
1390 	  0.020     0.022     0.045     0.065	  0.076     0.104     0.126     0.205 
1400 	  0.019     0.019     0.037     0.052	  0.068     0.083     0.108     0.184 
	   ±4.8	     ±4.8      ±4.3      ±3.9	   ±4.3	     ±3.9        ±3.9       ±4.3
Approximate systematic cross section errors in %

						  	    	      	        
						  	    	      	        
						  	    	      	        
						  	    	      	        
						  	    	      	        
						  	    	      
						  
						  
						  
						  
